#### 	 Vertical City Weather Generator (VCWG)  	 #### 
# Hourly building energy data 
# 0:time [hr] 1:sensWaste [W m^-2] 2:dehumDemand [W m^-2] 3:QWater [W m^-2] 4:QGas [W m^-2] 5: sensCoolDemand [W m^-2] 6:coolConsump [W m^-2] 7:sensHeatDemand [W m^-2] 8: heatConsump [W m^-2] 
0 0.285396 0.000000 0.285396 0.000000 0.000000 0.000000 0.000000 0.000000 
1 0.071349 0.000000 0.071349 0.000000 0.000000 0.000000 0.000000 0.000000 
2 0.071349 0.000000 0.071349 0.000000 0.000000 0.000000 0.000000 0.000000 
3 0.285396 0.000000 0.285396 0.000000 0.000000 0.000000 0.000000 0.000000 
4 1.926422 0.000000 1.926422 0.000000 0.000000 0.000000 0.000000 0.000000 
5 6.706803 0.000000 6.706803 0.000000 0.000000 0.000000 0.000000 0.000000 
6 7.134896 0.000000 7.134896 0.000000 0.000000 0.000000 0.000000 0.000000 
7 6.849501 0.000000 6.849501 0.000000 0.000000 0.000000 0.000000 0.000000 
8 12.432977 0.443675 5.993313 0.000000 4.436749 1.559241 0.000000 0.000000 
9 23.874626 1.271298 5.422521 0.000000 12.712984 4.467822 0.000000 0.000000 
10 20.902236 1.140245 4.352287 0.000000 11.402452 4.007252 0.000000 0.000000 
11 20.186639 1.130269 3.781495 0.000000 11.302686 3.972190 0.000000 0.000000 
12 26.173102 1.572214 3.353401 0.000000 15.722136 5.525351 0.000000 0.000000 
13 36.712536 2.327846 2.925308 0.000000 23.278456 8.180927 0.000000 0.000000 
14 42.924886 2.726365 3.353401 0.000000 27.263647 9.581473 0.000000 0.000000 
15 68.540351 4.451873 3.924193 0.000000 44.518726 15.645559 0.000000 0.000000 
16 100.555727 6.569159 5.208474 0.000000 65.691592 23.086502 0.000000 0.000000 
17 114.678205 7.478254 6.136011 0.000000 74.782538 26.281403 0.000000 0.000000 
18 107.854561 7.027787 5.850615 0.000000 70.277867 24.698292 0.000000 0.000000 
19 86.636624 5.600340 5.351172 0.000000 56.003404 19.681707 0.000000 0.000000 
20 61.426216 3.932234 4.352287 0.000000 39.322341 13.819353 0.000000 0.000000 
21 35.623262 2.193809 3.781495 0.000000 21.938087 7.709871 0.000000 0.000000 
22 26.406352 1.676767 2.069120 0.000000 16.767672 5.892792 0.000000 0.000000 
23 0.570792 0.000000 0.570792 0.000000 0.000000 0.000000 0.000000 0.000000 
24 0.285396 0.000000 0.285396 0.000000 0.000000 0.000000 0.000000 0.000000 
25 3.493277 0.235761 0.071349 0.000000 2.357613 0.828554 0.000000 0.000000 
26 2.005091 0.133229 0.071349 0.000000 1.332294 0.468218 0.000000 0.000000 
27 0.332710 0.003260 0.285396 0.000000 0.032598 0.011456 0.000000 0.000000 
28 1.926422 0.000000 1.926422 0.000000 0.000000 0.000000 0.000000 0.000000 
29 22.231363 1.069599 6.706803 0.000000 10.695988 3.758973 0.000000 0.000000 
30 51.014485 3.023181 7.134896 0.000000 30.231810 10.624598 0.000000 0.000000 
31 47.536623 2.803229 6.849501 0.000000 28.032290 9.851603 0.000000 0.000000 
32 29.838715 1.642882 5.993313 0.000000 16.428816 5.773705 0.000000 0.000000 
33 28.999461 1.624385 5.422521 0.000000 16.243852 5.708702 0.000000 0.000000 
34 38.655794 2.363416 4.352287 0.000000 23.634158 8.305934 0.000000 0.000000 
35 31.465371 1.907342 3.781495 0.000000 19.073417 6.703118 0.000000 0.000000 
36 34.738987 2.162379 3.353401 0.000000 21.623791 7.599415 0.000000 0.000000 
37 40.744892 2.605664 2.925308 0.000000 26.056636 9.157284 0.000000 0.000000 
38 61.430436 4.001345 3.353401 0.000000 40.013453 14.062236 0.000000 0.000000 
39 93.342132 6.160646 3.924193 0.000000 61.606460 21.650833 0.000000 0.000000 
40 135.024944 8.943992 5.208474 0.000000 89.439919 31.432559 0.000000 0.000000 
41 164.500584 10.910876 6.136011 0.000000 109.108764 38.344933 0.000000 0.000000 
42 150.667254 9.977462 5.850615 0.000000 99.774616 35.064562 0.000000 0.000000 
43 105.627094 6.908731 5.351172 0.000000 69.087307 24.279884 0.000000 0.000000 
44 76.650962 4.981177 4.352287 0.000000 49.811766 17.505732 0.000000 0.000000 
45 67.816293 4.411819 3.781495 0.000000 44.118186 15.504794 0.000000 0.000000 
46 37.823467 2.463375 2.069120 0.000000 24.633746 8.657227 0.000000 0.000000 
47 30.663613 2.073311 0.570792 0.000000 20.733112 7.286397 0.000000 0.000000 
48 25.361860 1.727698 0.285396 0.000000 17.276983 6.071783 0.000000 0.000000 
49 22.978180 1.578217 0.071349 0.000000 15.782166 5.546448 0.000000 0.000000 
50 20.318942 1.395003 0.071349 0.000000 13.950026 4.902565 0.000000 0.000000 
51 18.419601 1.249396 0.285396 0.000000 12.493960 4.390849 0.000000 0.000000 
52 39.266337 2.572616 1.926422 0.000000 25.726158 9.041142 0.000000 0.000000 
53 61.772497 3.793872 6.706803 0.000000 37.938724 13.333098 0.000000 0.000000 
54 75.121338 4.684076 7.134896 0.000000 46.840758 16.461608 0.000000 0.000000 
55 80.862969 5.099321 6.849501 0.000000 50.993211 17.920937 0.000000 0.000000 
56 88.796104 5.704881 5.993313 0.000000 57.048808 20.049102 0.000000 0.000000 
57 90.090563 5.833391 5.422521 0.000000 58.333914 20.500737 0.000000 0.000000 
58 94.276796 6.195547 4.352287 0.000000 61.955473 21.773489 0.000000 0.000000 
59 96.368974 6.379018 3.781495 0.000000 63.790184 22.418276 0.000000 0.000000 
60 96.644011 6.427462 3.353401 0.000000 64.274622 22.588525 0.000000 0.000000 
61 102.633939 6.869646 2.925308 0.000000 68.696460 24.142526 0.000000 0.000000 
62 113.601274 7.595770 3.353401 0.000000 75.957702 26.694400 0.000000 0.000000 
63 151.449794 10.164102 3.924193 0.000000 101.641015 35.720485 0.000000 0.000000 
64 192.115743 12.877388 5.208474 0.000000 128.773883 45.255997 0.000000 0.000000 
65 215.607317 14.431987 6.136011 0.000000 144.319874 50.719445 0.000000 0.000000 
66 196.484851 13.134166 5.850615 0.000000 131.341659 46.158411 0.000000 0.000000 
67 156.530557 10.415837 5.351172 0.000000 104.158370 36.605178 0.000000 0.000000 
68 126.963199 8.447549 4.352287 0.000000 84.475491 29.687872 0.000000 0.000000 
69 101.518303 6.733793 3.781495 0.000000 67.337928 23.665087 0.000000 0.000000 
70 90.767204 6.111050 2.069120 0.000000 61.110500 21.476534 0.000000 0.000000 
71 68.972067 4.712657 0.570792 0.000000 47.126567 16.562052 0.000000 0.000000 
72 66.272583 4.546333 0.285396 0.000000 45.463327 15.977527 0.000000 0.000000 
73 45.137809 3.104953 0.071349 0.000000 31.049531 10.911976 0.000000 0.000000 
74 12.349625 0.845939 0.071349 0.000000 8.459389 2.972948 0.000000 0.000000 
75 33.397129 2.281306 0.285396 0.000000 22.813058 8.017369 0.000000 0.000000 
76 63.234298 4.223941 1.926422 0.000000 42.239412 14.844522 0.000000 0.000000 
77 83.624253 5.299397 6.706803 0.000000 52.993973 18.624080 0.000000 0.000000 
78 90.656942 5.754435 7.134896 0.000000 57.544354 20.223255 0.000000 0.000000 
79 93.845999 5.993816 6.849501 0.000000 59.938156 21.064528 0.000000 0.000000 
80 102.990654 6.682846 5.993313 0.000000 66.828457 23.486039 0.000000 0.000000 
81 110.569781 7.244352 5.422521 0.000000 72.443522 25.459385 0.000000 0.000000 
82 123.648269 8.219160 4.352287 0.000000 82.191597 28.885226 0.000000 0.000000 
83 127.219853 8.504558 3.781495 0.000000 85.045578 29.888222 0.000000 0.000000 
84 123.938441 8.307972 3.353401 0.000000 83.079721 29.197346 0.000000 0.000000 
85 123.323423 8.295094 2.925308 0.000000 82.950936 29.152086 0.000000 0.000000 
86 127.740170 8.569901 3.353401 0.000000 85.699006 30.117862 0.000000 0.000000 
87 165.430049 11.127302 3.924193 0.000000 111.273020 39.105534 0.000000 0.000000 
88 192.529465 12.905893 5.208474 0.000000 129.058926 45.356172 0.000000 0.000000 
89 212.363311 14.208484 6.136011 0.000000 142.084845 49.933971 0.000000 0.000000 
90 213.136111 14.281391 5.850615 0.000000 142.813912 50.190193 0.000000 0.000000 
91 175.549424 11.726184 5.351172 0.000000 117.261838 41.210230 0.000000 0.000000 
92 123.207134 8.188767 4.352287 0.000000 81.887667 28.778413 0.000000 0.000000 
93 110.622385 7.361039 3.781495 0.000000 73.610386 25.869465 0.000000 0.000000 
94 75.628589 5.068042 2.069120 0.000000 50.680418 17.811009 0.000000 0.000000 
95 39.010063 2.648358 0.570792 0.000000 26.483583 9.307330 0.000000 0.000000 
96 44.631381 3.055314 0.285396 0.000000 30.553144 10.737527 0.000000 0.000000 
97 46.983941 3.232146 0.071349 0.000000 32.321464 11.358981 0.000000 0.000000 
98 17.999942 1.235230 0.071349 0.000000 12.352299 4.341064 0.000000 0.000000 
99 12.345981 0.830941 0.285396 0.000000 8.309406 2.920239 0.000000 0.000000 
100 50.064522 3.316581 1.926422 0.000000 33.165805 11.655714 0.000000 0.000000 
101 85.038391 5.396827 6.706803 0.000000 53.968275 18.966486 0.000000 0.000000 
102 96.972229 6.189541 7.134896 0.000000 61.895411 21.752381 0.000000 0.000000 
103 94.357453 6.029053 6.849501 0.000000 60.290533 21.188366 0.000000 0.000000 
104 86.867877 5.572031 5.993313 0.000000 55.720314 19.582219 0.000000 0.000000 
105 84.256831 5.431464 5.422521 0.000000 54.314636 19.088211 0.000000 0.000000 
106 84.425148 5.516796 4.352287 0.000000 55.167963 19.388102 0.000000 0.000000 
107 92.527131 6.114326 3.781495 0.000000 61.143262 21.488047 0.000000 0.000000 
108 82.198250 5.432190 3.353401 0.000000 54.321896 19.090762 0.000000 0.000000 
109 85.446838 5.685503 2.925308 0.000000 56.855028 19.981000 0.000000 0.000000 
110 95.067830 6.318868 3.353401 0.000000 63.188677 22.206883 0.000000 0.000000 
111 134.567100 9.000931 3.924193 0.000000 90.009311 31.632665 0.000000 0.000000 
112 168.344919 11.239645 5.208474 0.000000 112.396450 39.500350 0.000000 0.000000 
113 184.194725 12.267748 6.136011 0.000000 122.677477 43.113490 0.000000 0.000000 
114 173.316713 11.537946 5.850615 0.000000 115.379460 40.548692 0.000000 0.000000 
115 161.496502 10.757977 5.351172 0.000000 107.579767 37.807586 0.000000 0.000000 
116 134.664519 8.978148 4.352287 0.000000 89.781485 31.552599 0.000000 0.000000 
117 108.707830 7.229131 3.781495 0.000000 72.291311 25.405892 0.000000 0.000000 
118 92.657949 6.241317 2.069120 0.000000 62.413170 21.934341 0.000000 0.000000 
119 57.211959 3.902418 0.570792 0.000000 39.024181 13.714568 0.000000 0.000000 
120 57.293896 3.927726 0.285396 0.000000 39.277263 13.803511 0.000000 0.000000 
121 36.451967 2.506523 0.071349 0.000000 25.065229 8.808866 0.000000 0.000000 
122 27.005629 1.855697 0.071349 0.000000 18.556966 6.521617 0.000000 0.000000 
123 17.379758 1.177754 0.285396 0.000000 11.777538 4.139071 0.000000 0.000000 
124 34.639822 2.253862 1.926422 0.000000 22.538618 7.920920 0.000000 0.000000 
125 58.609771 3.575969 6.706803 0.000000 35.759694 12.567305 0.000000 0.000000 
126 68.078433 4.198839 7.134896 0.000000 41.988393 14.756304 0.000000 0.000000 
127 56.167562 3.397877 6.849501 0.000000 33.978766 11.941419 0.000000 0.000000 
128 56.748741 3.496907 5.993313 0.000000 34.969071 12.289450 0.000000 0.000000 
129 70.135704 4.458557 5.422521 0.000000 44.585574 15.669051 0.000000 0.000000 
130 85.238543 5.572837 4.352287 0.000000 55.728370 19.585050 0.000000 0.000000 
131 62.921505 4.074581 3.781495 0.000000 40.745813 14.319615 0.000000 0.000000 
132 50.422584 3.242935 3.353401 0.000000 32.429351 11.396896 0.000000 0.000000 
133 9.600986 0.459936 2.925308 0.000000 4.599356 1.616387 0.000000 0.000000 
134 26.281869 1.579707 3.353401 0.000000 15.797073 5.551687 0.000000 0.000000 
135 86.958260 5.720815 3.924193 0.000000 57.208151 20.105101 0.000000 0.000000 
136 129.807634 8.584534 5.208474 0.000000 85.845338 30.169288 0.000000 0.000000 
137 146.192320 9.649488 6.136011 0.000000 96.494882 33.911939 0.000000 0.000000 
138 158.174170 10.494667 5.850615 0.000000 104.946671 36.882217 0.000000 0.000000 
139 147.795242 9.813998 5.351172 0.000000 98.139982 34.490089 0.000000 0.000000 
140 112.378266 7.442688 4.352287 0.000000 74.426880 26.156412 0.000000 0.000000 
141 59.548904 3.842219 3.781495 0.000000 38.422186 13.503005 0.000000 0.000000 
142 42.410519 2.779410 2.069120 0.000000 27.794097 9.767893 0.000000 0.000000 
143 39.884404 2.708598 0.570792 0.000000 27.085980 9.519035 0.000000 0.000000 
144 41.283327 2.824643 0.285396 0.000000 28.246429 9.926860 0.000000 0.000000 
145 33.123520 2.277202 0.071349 0.000000 22.772022 8.002947 0.000000 0.000000 
146 22.254302 1.528343 0.071349 0.000000 15.283435 5.371175 0.000000 0.000000 
147 31.627742 2.159400 0.285396 0.000000 21.594000 7.588946 0.000000 0.000000 
148 43.401568 2.857522 1.926422 0.000000 28.575216 10.042408 0.000000 0.000000 
149 68.686631 4.270237 6.706803 0.000000 42.702369 15.007222 0.000000 0.000000 
150 71.184985 4.412872 7.134896 0.000000 44.128721 15.508496 0.000000 0.000000 
151 72.880517 4.549352 6.849501 0.000000 45.493524 15.988139 0.000000 0.000000 
152 74.953906 4.751192 5.993313 0.000000 47.511921 16.697480 0.000000 0.000000 
153 78.590695 5.041083 5.422521 0.000000 50.410826 17.716265 0.000000 0.000000 
154 80.124334 5.220482 4.352287 0.000000 52.204822 18.346743 0.000000 0.000000 
155 70.849614 4.620806 3.781495 0.000000 46.208059 16.239254 0.000000 0.000000 
156 68.817226 4.510275 3.353401 0.000000 45.102745 15.850805 0.000000 0.000000 
157 75.322249 4.987947 2.925308 0.000000 49.879469 17.529526 0.000000 0.000000 
158 85.775314 5.678639 3.353401 0.000000 56.786394 19.956880 0.000000 0.000000 
159 105.890054 7.025163 3.924193 0.000000 70.251628 24.689070 0.000000 0.000000 
160 135.806919 8.997868 5.208474 0.000000 89.978677 31.621899 0.000000 0.000000 
161 161.483673 10.703020 6.136011 0.000000 107.030196 37.614446 0.000000 0.000000 
162 162.748422 10.809820 5.850615 0.000000 108.098203 37.989784 0.000000 0.000000 
163 141.454579 9.377144 5.351172 0.000000 93.771442 32.954820 0.000000 0.000000 
164 108.466529 7.173180 4.352287 0.000000 71.731802 25.209259 0.000000 0.000000 
165 66.074728 4.291830 3.781495 0.000000 42.918296 15.083107 0.000000 0.000000 
166 44.348752 2.912948 2.069120 0.000000 29.129485 10.237199 0.000000 0.000000 
167 42.567077 2.893427 0.570792 0.000000 28.934267 10.168592 0.000000 0.000000 
168 21.028990 1.429176 0.285396 0.000000 14.291756 5.022662 0.000000 0.000000 
169 14.410691 0.987941 0.071349 0.000000 9.879406 3.471996 0.000000 0.000000 
170 10.397608 0.711450 0.071349 0.000000 7.114504 2.500305 0.000000 0.000000 
171 17.091365 1.157884 0.285396 0.000000 11.578843 4.069242 0.000000 0.000000 
172 30.343672 1.957869 1.926422 0.000000 19.578690 6.880690 0.000000 0.000000 
173 66.269035 4.103671 6.706803 0.000000 41.036713 14.421848 0.000000 0.000000 
174 79.341328 4.974821 7.134896 0.000000 49.748213 17.483398 0.000000 0.000000 
175 74.193433 4.639809 6.849501 0.000000 46.398087 16.306037 0.000000 0.000000 
176 79.031822 5.032149 5.993313 0.000000 50.321491 17.684869 0.000000 0.000000 
177 72.296406 4.607424 5.422521 0.000000 46.074237 16.192224 0.000000 0.000000 
178 67.852167 4.374964 4.352287 0.000000 43.749643 15.375274 0.000000 0.000000 
179 66.146330 4.296763 3.781495 0.000000 42.967628 15.100444 0.000000 0.000000 
180 72.799140 4.784617 3.353401 0.000000 47.846173 16.814949 0.000000 0.000000 
181 61.297035 4.021649 2.925308 0.000000 40.216488 14.133590 0.000000 0.000000 
182 83.485681 5.520890 3.353401 0.000000 55.208901 19.402489 0.000000 0.000000 
183 116.399660 7.749245 3.924193 0.000000 77.492453 27.233769 0.000000 0.000000 
184 159.196951 10.609376 5.208474 0.000000 106.093756 37.285345 0.000000 0.000000 
185 187.516196 12.496588 6.136011 0.000000 124.965877 43.917720 0.000000 0.000000 
186 172.664833 11.493033 5.850615 0.000000 114.930333 40.390852 0.000000 0.000000 
187 130.556255 8.626280 5.351172 0.000000 86.262802 30.316001 0.000000 0.000000 
188 98.486605 6.485591 4.352287 0.000000 64.855914 22.792813 0.000000 0.000000 
189 74.326847 4.860378 3.781495 0.000000 48.603775 17.081199 0.000000 0.000000 
190 68.521830 4.578406 2.069120 0.000000 45.784059 16.090244 0.000000 0.000000 
191 50.606711 3.447335 0.570792 0.000000 34.473350 12.115235 0.000000 0.000000 
192 44.704601 3.060359 0.285396 0.000000 30.603590 10.755255 0.000000 0.000000 
193 35.089625 2.412661 0.071349 0.000000 24.126613 8.479001 0.000000 0.000000 
194 35.340702 2.429960 0.071349 0.000000 24.299598 8.539795 0.000000 0.000000 
195 35.060325 2.395895 0.285396 0.000000 23.958954 8.420080 0.000000 0.000000 
196 58.016539 3.864452 1.926422 0.000000 38.644522 13.581142 0.000000 0.000000 
197 86.656796 5.508331 6.706803 0.000000 55.083311 19.358352 0.000000 0.000000 
198 91.621402 5.820884 7.134896 0.000000 58.208840 20.456781 0.000000 0.000000 
199 99.069483 6.353699 6.849501 0.000000 63.536990 22.329294 0.000000 0.000000 
200 102.195980 6.628095 5.993313 0.000000 66.280949 23.293624 0.000000 0.000000 
201 95.894256 6.233250 5.422521 0.000000 62.332496 21.905989 0.000000 0.000000 
202 90.480900 5.934021 4.352287 0.000000 59.340207 20.854386 0.000000 0.000000 
203 78.719496 5.163019 3.781495 0.000000 51.630188 18.144794 0.000000 0.000000 
204 78.661533 5.188520 3.353401 0.000000 51.885198 18.234414 0.000000 0.000000 
205 75.790868 5.020233 2.925308 0.000000 50.202334 17.642993 0.000000 0.000000 
206 85.996604 5.693886 3.353401 0.000000 56.938856 20.010461 0.000000 0.000000 
207 121.707362 8.114931 3.924193 0.000000 81.149311 28.518927 0.000000 0.000000 
208 154.907196 10.313823 5.208474 0.000000 103.138235 36.246664 0.000000 0.000000 
209 165.528533 10.981699 6.136011 0.000000 109.816992 38.593831 0.000000 0.000000 
210 151.786907 10.054603 5.850615 0.000000 100.546026 35.335664 0.000000 0.000000 
211 137.006577 9.070689 5.351172 0.000000 90.706893 31.877822 0.000000 0.000000 
212 116.162887 7.703438 4.352287 0.000000 77.034378 27.072785 0.000000 0.000000 
213 84.731065 5.577199 3.781495 0.000000 55.771990 19.600380 0.000000 0.000000 
214 52.516243 3.475666 2.069120 0.000000 34.756658 12.214800 0.000000 0.000000 
215 37.049268 2.513265 0.570792 0.000000 25.132651 8.832561 0.000000 0.000000 
216 21.317645 1.449063 0.285396 0.000000 14.490632 5.092554 0.000000 0.000000 
217 13.603318 0.932315 0.071349 0.000000 9.323148 3.276506 0.000000 0.000000 
218 12.789785 0.876265 0.071349 0.000000 8.762647 3.079524 0.000000 0.000000 
219 22.206212 1.510283 0.285396 0.000000 15.102830 5.307704 0.000000 0.000000 
220 33.686563 2.188185 1.926422 0.000000 21.881849 7.690107 0.000000 0.000000 
221 49.468663 2.946173 6.706803 0.000000 29.461727 10.353961 0.000000 0.000000 
222 46.138958 2.687271 7.134896 0.000000 26.872708 9.444083 0.000000 0.000000 
223 32.409524 1.761014 6.849501 0.000000 17.610141 6.188868 0.000000 0.000000 
224 24.204671 1.254712 5.993313 0.000000 12.547117 4.409530 0.000000 0.000000 
225 11.218231 0.399308 5.422521 0.000000 3.993082 1.403319 0.000000 0.000000 
226 6.566538 0.152556 4.352287 0.000000 1.525557 0.536138 0.000000 0.000000 
227 4.898585 0.076964 3.781495 0.000000 0.769644 0.270482 0.000000 0.000000 
228 6.503701 0.217047 3.353401 0.000000 2.170469 0.762784 0.000000 0.000000 
229 4.931836 0.138244 2.925308 0.000000 1.382442 0.485842 0.000000 0.000000 
230 9.527189 0.425357 3.353401 0.000000 4.253567 1.494864 0.000000 0.000000 
231 33.947647 2.068532 3.924193 0.000000 20.685320 7.269601 0.000000 0.000000 
232 61.494701 3.877964 5.208474 0.000000 38.779637 13.628626 0.000000 0.000000 
233 85.308722 5.454778 6.136011 0.000000 54.547785 19.170148 0.000000 0.000000 
234 91.172254 5.878422 5.850615 0.000000 58.784224 20.658992 0.000000 0.000000 
235 77.105917 4.943701 5.351172 0.000000 49.437013 17.374030 0.000000 0.000000 
236 57.044101 3.630319 4.352287 0.000000 36.303187 12.758308 0.000000 0.000000 
237 38.737265 2.408355 3.781495 0.000000 24.083548 8.463867 0.000000 0.000000 
238 13.400532 0.780703 2.069120 0.000000 7.807026 2.743683 0.000000 0.000000 
239 4.719061 0.285804 0.570792 0.000000 2.858042 1.004424 0.000000 0.000000 
240 3.371880 0.212650 0.285396 0.000000 2.126501 0.747333 0.000000 0.000000 
241 2.436638 0.162962 0.071349 0.000000 1.629618 0.572709 0.000000 0.000000 
242 0.071349 0.000000 0.071349 0.000000 0.000000 0.000000 0.000000 0.000000 
243 0.285396 0.000000 0.285396 0.000000 0.000000 0.000000 0.000000 0.000000 
244 1.926422 0.000000 1.926422 0.000000 0.000000 0.000000 0.000000 0.000000 
245 22.368660 1.079058 6.706803 0.000000 10.790582 3.792217 0.000000 0.000000 
246 24.389043 1.188762 7.134896 0.000000 11.887625 4.177760 0.000000 0.000000 
247 16.882045 0.691214 6.849501 0.000000 6.912142 2.429187 0.000000 0.000000 
248 17.839692 0.816182 5.993313 0.000000 8.161824 2.868373 0.000000 0.000000 
249 16.702590 0.777165 5.422521 0.000000 7.771652 2.731252 0.000000 0.000000 
250 16.895473 0.864190 4.352287 0.000000 8.641904 3.037091 0.000000 0.000000 
251 21.601750 1.227766 3.781495 0.000000 12.277658 4.314832 0.000000 0.000000 
252 16.018994 0.872624 3.353401 0.000000 8.726239 3.066729 0.000000 0.000000 
253 19.941247 1.172351 2.925308 0.000000 11.723507 4.120082 0.000000 0.000000 
254 21.966078 1.282361 3.353401 0.000000 12.823614 4.506701 0.000000 0.000000 
255 57.868843 3.716636 3.924193 0.000000 37.166356 13.061659 0.000000 0.000000 
256 95.850359 6.244972 5.208474 0.000000 62.449725 21.947188 0.000000 0.000000 
257 124.675541 8.167042 6.136011 0.000000 81.670422 28.702065 0.000000 0.000000 
258 127.262551 8.364943 5.850615 0.000000 83.649430 29.397563 0.000000 0.000000 
259 96.586416 6.285853 5.351172 0.000000 62.858533 22.090858 0.000000 0.000000 
260 44.487341 2.765193 4.352287 0.000000 27.651930 9.717931 0.000000 0.000000 
261 27.096411 1.606332 3.781495 0.000000 16.063325 5.645258 0.000000 0.000000 
262 2.069120 0.000000 2.069120 0.000000 0.000000 0.000000 0.000000 0.000000 
263 0.570792 0.000000 0.570792 0.000000 0.000000 0.000000 0.000000 0.000000 
264 0.285396 0.000000 0.285396 0.000000 0.000000 0.000000 0.000000 0.000000 
265 0.071349 0.000000 0.071349 0.000000 0.000000 0.000000 0.000000 0.000000 
266 0.071349 0.000000 0.071349 0.000000 0.000000 0.000000 0.000000 0.000000 
267 0.285396 0.000000 0.285396 0.000000 0.000000 0.000000 0.000000 0.000000 
268 1.926422 0.000000 1.926422 0.000000 0.000000 0.000000 0.000000 0.000000 
269 22.251886 1.071013 6.706803 0.000000 10.710128 3.763943 0.000000 0.000000 
270 43.835460 2.528566 7.134896 0.000000 25.285662 8.886335 0.000000 0.000000 
271 44.010978 2.560322 6.849501 0.000000 25.603219 8.997936 0.000000 0.000000 
272 39.258776 2.291897 5.993313 0.000000 22.918974 8.054592 0.000000 0.000000 
273 34.832972 2.026298 5.422521 0.000000 20.262978 7.121174 0.000000 0.000000 
274 34.287384 2.062445 4.352287 0.000000 20.624445 7.248208 0.000000 0.000000 
275 23.283917 1.343662 3.781495 0.000000 13.436624 4.722136 0.000000 0.000000 
276 23.896003 1.415328 3.353401 0.000000 14.153278 4.973995 0.000000 0.000000 
277 24.664904 1.497797 2.925308 0.000000 14.977975 5.263825 0.000000 0.000000 
278 36.104637 2.256469 3.353401 0.000000 22.564686 7.930081 0.000000 0.000000 
279 82.510567 5.414381 3.924193 0.000000 54.143815 19.028178 0.000000 0.000000 
280 120.441145 7.939209 5.208474 0.000000 79.392089 27.901373 0.000000 0.000000 
281 153.376191 10.144437 6.136011 0.000000 101.444368 35.651375 0.000000 0.000000 
282 135.313103 8.919603 5.850615 0.000000 89.196035 31.346849 0.000000 0.000000 
283 88.722592 5.744058 5.351172 0.000000 57.440577 20.186784 0.000000 0.000000 
284 50.018843 3.146298 4.352287 0.000000 31.462981 11.057278 0.000000 0.000000 
285 23.792634 1.378712 3.781495 0.000000 13.787115 4.845312 0.000000 0.000000 
286 5.347086 0.225843 2.069120 0.000000 2.258427 0.793696 0.000000 0.000000 
287 0.570792 0.000000 0.570792 0.000000 0.000000 0.000000 0.000000 0.000000 
288 0.285396 0.000000 0.285396 0.000000 0.000000 0.000000 0.000000 0.000000 
289 0.071349 0.000000 0.071349 0.000000 0.000000 0.000000 0.000000 0.000000 
290 0.071349 0.000000 0.071349 0.000000 0.000000 0.000000 0.000000 0.000000 
291 0.285396 0.000000 0.285396 0.000000 0.000000 0.000000 0.000000 0.000000 
292 7.162022 0.360718 1.926422 0.000000 3.607182 1.267700 0.000000 0.000000 
293 31.510254 1.708888 6.706803 0.000000 17.088885 6.005678 0.000000 0.000000 
294 45.667654 2.654799 7.134896 0.000000 26.547992 9.329965 0.000000 0.000000 
295 46.092639 2.703743 6.849501 0.000000 27.037425 9.501971 0.000000 0.000000 
296 67.759848 4.255542 5.993313 0.000000 42.555416 14.955578 0.000000 0.000000 
297 60.135337 3.769560 5.422521 0.000000 37.695600 13.247655 0.000000 0.000000 
298 62.259375 3.989637 4.352287 0.000000 39.896365 14.021087 0.000000 0.000000 
299 56.937023 3.662267 3.781495 0.000000 36.622673 12.870588 0.000000 0.000000 
300 47.806610 3.062702 3.353401 0.000000 30.627018 10.763489 0.000000 0.000000 
301 44.480312 2.863024 2.925308 0.000000 28.630237 10.061745 0.000000 0.000000 
302 45.940048 2.934101 3.353401 0.000000 29.341009 10.311537 0.000000 0.000000 
303 68.658151 4.459989 3.924193 0.000000 44.599887 15.674082 0.000000 0.000000 
304 85.426259 5.526781 5.208474 0.000000 55.267811 19.423192 0.000000 0.000000 
305 102.824076 6.661537 6.136011 0.000000 66.615374 23.411154 0.000000 0.000000 
306 106.267703 6.918457 5.850615 0.000000 69.184567 24.314065 0.000000 0.000000 
307 86.765593 5.609226 5.351172 0.000000 56.092260 19.712935 0.000000 0.000000 
308 56.011757 3.559193 4.352287 0.000000 35.591931 12.508346 0.000000 0.000000 
309 29.686418 1.784777 3.781495 0.000000 17.847768 6.272378 0.000000 0.000000 
310 12.025684 0.685979 2.069120 0.000000 6.859794 2.410790 0.000000 0.000000 
311 11.207305 0.732826 0.570792 0.000000 7.328260 2.575427 0.000000 0.000000 
312 14.376140 0.970813 0.285396 0.000000 9.708129 3.411802 0.000000 0.000000 
313 0.071349 0.000000 0.071349 0.000000 0.000000 0.000000 0.000000 0.000000 
314 0.071349 0.000000 0.071349 0.000000 0.000000 0.000000 0.000000 0.000000 
315 1.207244 0.063513 0.285396 0.000000 0.635128 0.223208 0.000000 0.000000 
316 1.926422 0.000000 1.926422 0.000000 0.000000 0.000000 0.000000 0.000000 
317 6.706803 0.000000 6.706803 0.000000 0.000000 0.000000 0.000000 0.000000 
318 7.134896 0.000000 7.134896 0.000000 0.000000 0.000000 0.000000 0.000000 
319 6.849501 0.000000 6.849501 0.000000 0.000000 0.000000 0.000000 0.000000 
320 5.993313 0.000000 5.993313 0.000000 0.000000 0.000000 0.000000 0.000000 
321 5.422521 0.000000 5.422521 0.000000 0.000000 0.000000 0.000000 0.000000 
322 4.352287 0.000000 4.352287 0.000000 0.000000 0.000000 0.000000 0.000000 
323 3.781495 0.000000 3.781495 0.000000 0.000000 0.000000 0.000000 0.000000 
324 3.353401 0.000000 3.353401 0.000000 0.000000 0.000000 0.000000 0.000000 
325 2.925308 0.000000 2.925308 0.000000 0.000000 0.000000 0.000000 0.000000 
326 3.353401 0.000000 3.353401 0.000000 0.000000 0.000000 0.000000 0.000000 
327 3.924193 0.000000 3.924193 0.000000 0.000000 0.000000 0.000000 0.000000 
328 38.860656 2.318541 5.208474 0.000000 23.185413 8.148228 0.000000 0.000000 
329 76.773752 4.866743 6.136011 0.000000 48.667429 17.103569 0.000000 0.000000 
330 85.031273 5.455326 5.850615 0.000000 54.553260 19.172072 0.000000 0.000000 
331 31.118701 1.775311 5.351172 0.000000 17.753107 6.239111 0.000000 0.000000 
332 13.320394 0.617878 4.352287 0.000000 6.178775 2.171455 0.000000 0.000000 
333 9.558514 0.398020 3.781495 0.000000 3.980205 1.398794 0.000000 0.000000 
334 2.069120 0.000000 2.069120 0.000000 0.000000 0.000000 0.000000 0.000000 
335 0.570792 0.000000 0.570792 0.000000 0.000000 0.000000 0.000000 0.000000 
336 0.285396 0.000000 0.285396 0.000000 0.000000 0.000000 0.000000 0.000000 
337 2.157988 0.000000 0.071349 0.000000 0.000000 0.000000 8.346556 10.433196 
338 3.966408 0.000000 0.071349 0.000000 0.000000 0.000000 15.580236 19.475294 
339 3.031877 0.000000 0.285396 0.000000 0.000000 0.000000 10.985926 13.732408 
340 1.926422 0.000000 1.926422 0.000000 0.000000 0.000000 0.000000 0.000000 
341 6.706803 0.000000 6.706803 0.000000 0.000000 0.000000 0.000000 0.000000 
342 7.134896 0.000000 7.134896 0.000000 0.000000 0.000000 0.000000 0.000000 
343 6.849501 0.000000 6.849501 0.000000 0.000000 0.000000 0.000000 0.000000 
344 5.993313 0.000000 5.993313 0.000000 0.000000 0.000000 0.000000 0.000000 
345 5.422521 0.000000 5.422521 0.000000 0.000000 0.000000 0.000000 0.000000 
346 4.352287 0.000000 4.352287 0.000000 0.000000 0.000000 0.000000 0.000000 
347 3.781495 0.000000 3.781495 0.000000 0.000000 0.000000 0.000000 0.000000 
348 3.353401 0.000000 3.353401 0.000000 0.000000 0.000000 0.000000 0.000000 
349 2.925308 0.000000 2.925308 0.000000 0.000000 0.000000 0.000000 0.000000 
350 3.353401 0.000000 3.353401 0.000000 0.000000 0.000000 0.000000 0.000000 
351 3.924193 0.000000 3.924193 0.000000 0.000000 0.000000 0.000000 0.000000 
352 51.051382 3.158448 5.208474 0.000000 31.584482 11.099978 0.000000 0.000000 
353 79.961970 5.086402 6.136011 0.000000 50.864022 17.875535 0.000000 0.000000 
354 82.748474 5.298048 5.850615 0.000000 52.980475 18.619336 0.000000 0.000000 
355 37.784978 2.234599 5.351172 0.000000 22.345986 7.853222 0.000000 0.000000 
356 4.352287 0.000000 4.352287 0.000000 0.000000 0.000000 0.000000 0.000000 
357 3.781495 0.000000 3.781495 0.000000 0.000000 0.000000 0.000000 0.000000 
358 2.069120 0.000000 2.069120 0.000000 0.000000 0.000000 0.000000 0.000000 
359 0.570792 0.000000 0.570792 0.000000 0.000000 0.000000 0.000000 0.000000 
